"","X801010.SI","X801020.SI","X801030.SI","X801040.SI","X801050.SI","X801080.SI","X801110.SI","X801120.SI","X801130.SI","X801140.SI","X801150.SI","X801160.SI","X801170.SI","X801180.SI","X801200.SI","X801210.SI","X801230.SI","X801710.SI","X801720.SI","X801730.SI","X801740.SI","X801750.SI","X801760.SI","X801770.SI","X801780.SI","X801790.SI","X801880.SI","X801890.SI","X801010.SI.1","X801020.SI.1","X801030.SI.1","X801040.SI.1","X801050.SI.1","X801080.SI.1","X801110.SI.1","X801120.SI.1","X801130.SI.1","X801140.SI.1","X801150.SI.1","X801160.SI.1","X801170.SI.1","X801180.SI.1","X801200.SI.1","X801210.SI.1","X801230.SI.1","X801710.SI.1","X801720.SI.1","X801730.SI.1","X801740.SI.1","X801750.SI.1","X801760.SI.1","X801770.SI.1","X801780.SI.1","X801790.SI.1","X801880.SI.1","X801890.SI.1"
"801010.SI",1,0.488200379446309,0.684216025059322,0.259858649851451,0.404051486550942,0.589236539502023,0.456367167004058,0.364035178658453,0.683177478512546,0.686673603554131,0.56183596910951,0.269451436511665,0.358115441108342,0.507253077165445,0.756824747991981,0.473045435039329,0.598535982820041,0.488537889470295,0.214713110986311,0.704231773624379,0.333595614986431,0.434016923832472,0.285937847392648,0.675540243208287,0.11307610408524,0.48960324335968,0.351081957136278,0.583723728064049,0,-215,1,181,-173,0,1,-5,0,1,1,360,94,289,2,1,-1,-3,-164,0,2,5,55,2,351,325,2,0
"801020.SI",0.488200379446309,1,0.286809253125867,0.0938327895694626,0.682633960725086,0.203367729283705,0.135114933201098,0.573298883510168,0.38919386038824,0.186631165182341,0.189101287091635,0.0317496657834679,0.106487522775158,-0.019580819986712,0.578037442863694,-0.0018767857483405,0.278439763124204,0.614146385594489,0.218867987605702,0.560575630094018,0.216309526637535,0.0889766067303839,-0.0522014527326721,0.353266779641048,0.20211060390211,-0.0140222750040528,0.304512460036132,0.54592869448586,215,0,298,360,40,173,171,-156,166,173,213,214,211,360,216,170,164,86,215,216,167,225,227,245,-360,360,360,162
"801030.SI",0.684216025059322,0.286809253125867,1,0.312550503763216,0.205165950227988,0.475323171490864,0.457499061206877,0.0360217056023773,0.527788037933836,0.679242002908374,0.440752265153999,0.401973870077214,0.39788316304528,0.320526204952463,0.451255971472675,0.435115768304481,0.530975197033316,0.212529354582477,0.269868882137158,0.541345153211422,0.261639351362225,0.511917930761425,0.415808020909529,0.791260840100145,0.259446994454507,0.497811653478345,0.279827544793054,0.309170269417569,-1,-298,0,113,-259,0,0,-8,-1,0,0,-4,133,260,-1,-1,-1,0,-268,-1,162,3,4,0,342,320,0,2
"801040.SI",0.259858649851451,0.0938327895694626,0.312550503763216,1,0.247682974436073,0.629233806115325,0.627998116641858,0.086001971389397,0.377559138357309,0.506300284782381,0.574850077845701,0.323489137614017,0.620021951215318,0.490858509079391,0.338320442817541,0.582356471287332,0.500513536232052,0.196682058909197,0.458574955045448,0.438349264679178,0.517457227150944,0.548688405091416,0.730669273640692,0.458632644847119,0.288942393322452,0.460222245728782,0.58145395076964,0.391832917046873,-181,-360,-113,0,80,238,284,-227,-122,234,282,275,-31,-283,225,237,200,145,-119,226,174,280,290,271,-360,97,204,60
"801050.SI",0.404051486550942,0.682633960725086,0.205165950227988,0.247682974436073,1,0.417380991214131,0.25874091257649,0.537847994037113,0.498507884943513,0.324936423389379,0.351300602857704,0.0504510234158502,0.167960093081262,0.156145075834576,0.591569828117572,0.352496501894961,0.433578223374286,0.629675035763294,0.132538879991395,0.515024415913252,0.303246017503006,0.21972402574266,0.17854991183762,0.279294432523815,0.254746608049598,0.0512744932366059,0.45713241363869,0.499739161776101,173,-40,259,-80,0,132,139,-248,132,136,142,176,168,360,171,128,127,5,-206,142,3,164,171,176,-360,360,126,131
"801080.SI",0.589236539502023,0.203367729283705,0.475323171490864,0.629233806115325,0.417380991214131,1,0.833111307676936,0.19339266778601,0.566359359931612,0.772696485059552,0.855048035151058,0.171020207815417,0.386737136869379,0.518422366038883,0.608600494934399,0.748544669603669,0.788681195937383,0.471837982513483,0.440782665952802,0.687952567561734,0.553323237144737,0.634687500109929,0.649560343293441,0.554192207339643,0.316414890974079,0.402676293055078,0.782626231383773,0.579175221856269,0,-173,0,-238,-132,0,0,-4,-1,0,1,-312,-287,268,-1,-1,-2,-56,-294,0,-1,2,5,0,346,329,0,-2
"801110.SI",0.456367167004058,0.135114933201098,0.457499061206877,0.627998116641858,0.25874091257649,0.833111307676936,1,0.107516007980271,0.38019980014895,0.643842133362201,0.728336562304522,0.224908935602304,0.43197790577049,0.339042278560876,0.49432441375141,0.5689448739314,0.601926980775795,0.428836276776857,0.579950479898831,0.588648536294829,0.453583965361025,0.496927185498131,0.660721149518522,0.513406621810965,0.371013229454375,0.463814899899009,0.686684492219873,0.433920520091462,-1,-171,0,-284,-139,0,0,-54,-3,-2,0,-337,-327,255,-1,-3,-5,-7,-306,-1,-46,4,12,1,241,-261,0,-1
"801120.SI",0.364035178658453,0.573298883510168,0.0360217056023773,0.086001971389397,0.537847994037113,0.19339266778601,0.107516007980271,1,0.284046160658583,0.0971813645015612,0.249368441006556,0.0196610557091905,0.0905651692387798,-0.0145352231302035,0.322152682448671,0.180474122288663,0.192116507812064,0.545026287916789,0.225064840714935,0.355367184382014,0.218259524634546,-0.0872204649676923,0.176294518088582,0.0154127496358584,0.369176566854176,0.104398725786062,0.25999210316496,0.402632215716733,5,156,8,227,248,4,54,0,215,148,1,-313,360,283,360,3,214,252,280,360,217,360,-360,360,-360,344,360,254
"801130.SI",0.683177478512546,0.38919386038824,0.527788037933836,0.377559138357309,0.498507884943513,0.566359359931612,0.38019980014895,0.284046160658583,1,0.861697479656081,0.303160316782879,0.411188911499347,0.627170738153089,0.351815210341893,0.748105952784813,0.727664462126906,0.861703449719466,0.500208934228852,0.271644616466387,0.588127687296575,0.547958497482442,0.643065598494837,0.307220309544811,0.593025850310109,0.194158977999413,0.476496965661628,0.501821611979588,0.675456414069235,0,-166,1,122,-132,1,3,-215,0,0,1,360,122,281,2,0,-1,0,144,3,4,6,10,3,-360,329,2,3
"801140.SI",0.686673603554131,0.186631165182341,0.679242002908374,0.506300284782381,0.324936423389379,0.772696485059552,0.643842133362201,0.0971813645015612,0.861697479656081,1,0.571387034611982,0.349858652623845,0.642418412323576,0.457394119786304,0.738316283272485,0.811637073792386,0.898246665612806,0.408306637911993,0.475044424116039,0.67168542156956,0.658205324097665,0.806723128068205,0.618075753108614,0.73422071796229,0.254447806945004,0.496766405995677,0.630819936040304,0.622848867132158,-1,-173,0,-234,-136,0,2,-148,0,0,1,310,-1,271,1,-1,-1,-1,-286,1,4,4,7,1,349,215,1,2
"801150.SI",0.56183596910951,0.189101287091635,0.440752265153999,0.574850077845701,0.351300602857704,0.855048035151058,0.728336562304522,0.249368441006556,0.303160316782879,0.571387034611982,1,0.33518089050743,0.407962937605509,0.495018788428658,0.498263246925719,0.571592753349009,0.525240842073845,0.464956729375715,0.299993952508378,0.63551033210235,0.404974301952692,0.487141268509835,0.66813847766207,0.492812773015455,0.378415518011547,0.271309580207793,0.576061240227455,0.485852084994802,-1,-213,0,-282,-142,-1,0,-1,-1,-1,0,-1,-312,269,-1,-2,-4,-135,-299,-2,-172,1,2,-1,112,-344,-3,-151
"801160.SI",0.269451436511665,0.0317496657834679,0.401973870077214,0.323489137614017,0.0504510234158502,0.171020207815417,0.224908935602304,0.0196610557091905,0.411188911499347,0.349858652623845,0.33518089050743,1,0.596266463749166,0.596470313328391,0.407617574343177,0.313224391235408,0.262878547530529,0.0304174030526136,0.612186870443644,0.37333483929785,0.301999573848877,0.51776301088006,0.52675001062132,0.557286229181635,0.246453298651687,0.426704722512735,0.333538878420231,0.145084243921509,-360,-214,4,-275,-176,312,337,313,-360,-310,1,0,0,-125,-360,297,-310,-119,4,-2,2,3,2,2,357,114,-227,2
"801170.SI",0.358115441108342,0.106487522775158,0.39788316304528,0.620021951215318,0.167960093081262,0.386737136869379,0.43197790577049,0.0905651692387798,0.627170738153089,0.642418412323576,0.407962937605509,0.596266463749166,1,0.419985070753553,0.536974289180983,0.450932133125661,0.47076199326476,0.204287678277603,0.46349065946095,0.390708962144082,0.596031664638543,0.752622706251292,0.648696625240439,0.583715130242017,0.277466324735779,0.609271549917468,0.444472230043061,0.422495157087537,-94,-211,-133,31,-168,287,327,-360,-122,1,312,0,0,-133,2,275,0,-129,0,2,7,11,336,4,360,129,232,3
"801180.SI",0.507253077165445,-0.019580819986712,0.320526204952463,0.490858509079391,0.156145075834576,0.518422366038883,0.339042278560876,-0.0145352231302035,0.351815210341893,0.457394119786304,0.495018788428658,0.596470313328391,0.419985070753553,1,0.514577662949558,0.378063610605669,0.38422156193641,0.405402749621574,0.664908484572804,0.519854251501929,0.308319133235027,0.466613268600651,0.336330588064212,0.433303753717633,0.296585686914982,0.319007337838362,0.379543517319747,0.471892947927452,-289,-360,-260,283,-360,-268,-255,-283,-281,-271,-269,125,133,0,-283,-276,-292,-360,148,-290,-289,-274,-273,-283,-92,209,-253,-360
"801200.SI",0.756824747991981,0.578037442863694,0.451255971472675,0.338320442817541,0.591569828117572,0.608600494934399,0.49432441375141,0.322152682448671,0.748105952784813,0.738316283272485,0.498263246925719,0.407617574343177,0.536974289180983,0.514577662949558,1,0.530678520006142,0.686928382818335,0.632393493230643,0.232357319203179,0.794762724642636,0.602009795551991,0.63758231837205,0.412320164851315,0.654358697549778,0.208682891401208,0.339867042646645,0.577715271824826,0.728471005171477,-2,-216,1,-225,-171,1,1,-360,-2,-1,1,360,-2,283,0,-1,-2,-133,-274,0,2,3,6,2,360,334,2,-1
"801210.SI",0.473045435039329,-0.0018767857483405,0.435115768304481,0.582356471287332,0.352496501894961,0.748544669603669,0.5689448739314,0.180474122288663,0.727664462126906,0.811637073792386,0.571592753349009,0.313224391235408,0.450932133125661,0.378063610605669,0.530678520006142,1,0.78682912009594,0.217695254307331,0.53228651650003,0.425284692833808,0.440857976774394,0.679966046825849,0.615015803452884,0.486394340383274,0.126843309562703,0.388677323110122,0.628391998749603,0.354325580120874,-1,-170,1,-237,-128,1,3,-3,0,1,2,-297,-275,276,1,0,0,-136,-278,2,3,5,13,3,354,246,0,1
"801230.SI",0.598535982820041,0.278439763124204,0.530975197033316,0.500513536232052,0.433578223374286,0.788681195937383,0.601926980775795,0.192116507812064,0.861703449719466,0.898246665612806,0.525240842073845,0.262878547530529,0.47076199326476,0.38422156193641,0.686928382818335,0.78682912009594,1,0.613037102922078,0.404616548759382,0.660721347453467,0.705436070262263,0.687615043567729,0.484015838444678,0.591199699385933,0.267653173745162,0.420350391048174,0.706606309132043,0.734157683162705,1,-164,1,-200,-127,2,5,-214,1,1,4,310,0,292,2,0,0,1,-282,4,5,6,11,4,360,237,3,4
"801710.SI",0.488537889470295,0.614146385594489,0.212529354582477,0.196682058909197,0.629675035763294,0.471837982513483,0.428836276776857,0.545026287916789,0.500208934228852,0.408306637911993,0.464956729375715,0.0304174030526136,0.204287678277603,0.405402749621574,0.632393493230643,0.217695254307331,0.613037102922078,1,0.173906854521056,0.623924147189432,0.524150166191422,0.278670633199959,0.156672882328855,0.28446539246402,0.15616918443312,0.236143689193265,0.492017037825912,0.811191946506575,3,-86,0,-145,-5,56,7,-252,0,1,135,119,129,360,133,136,-1,0,70,58,2,134,136,134,349,337,5,4
"801720.SI",0.214713110986311,0.218867987605702,0.269868882137158,0.458574955045448,0.132538879991395,0.440782665952802,0.579950479898831,0.225064840714935,0.271644616466387,0.475044424116039,0.299993952508378,0.612186870443644,0.46349065946095,0.664908484572804,0.232357319203179,0.53228651650003,0.404616548759382,0.173906854521056,1,0.219326720826309,0.331558844784835,0.41291036556888,0.591700125183965,0.308120924400838,0.317901734827527,0.453706104838259,0.446086478980406,0.313835833974286,164,-215,268,119,206,294,306,-280,-144,286,299,-4,0,-148,274,278,282,-70,0,293,298,298,353,290,-215,82,283,-3
"801730.SI",0.704231773624379,0.560575630094018,0.541345153211422,0.438349264679178,0.515024415913252,0.687952567561734,0.588648536294829,0.355367184382014,0.588127687296575,0.67168542156956,0.63551033210235,0.37333483929785,0.390708962144082,0.519854251501929,0.794762724642636,0.425284692833808,0.660721347453467,0.623924147189432,0.219326720826309,1,0.568853723407619,0.627181027024482,0.501838838642198,0.7974624155145,0.32653579746962,0.397579689673157,0.653377719665408,0.739947261180629,0,-216,1,-226,-142,0,1,-360,-3,-1,2,2,-2,290,0,-2,-4,-58,-293,0,-1,3,8,2,355,337,0,-2
"801740.SI",0.333595614986431,0.216309526637535,0.261639351362225,0.517457227150944,0.303246017503006,0.553323237144737,0.453583965361025,0.218259524634546,0.547958497482442,0.658205324097665,0.404974301952692,0.301999573848877,0.596031664638543,0.308319133235027,0.602009795551991,0.440857976774394,0.705436070262263,0.524150166191422,0.331558844784835,0.568853723407619,1,0.645585265279607,0.408582809511002,0.440838026080541,0.388800930649352,0.385645955590754,0.577218733882573,0.758281024385241,-2,-167,-162,-174,-3,1,46,-217,-4,-4,172,-2,-7,289,-2,-3,-5,-2,-298,1,0,2,56,0,342,114,2,0
"801750.SI",0.434016923832472,0.0889766067303839,0.511917930761425,0.548688405091416,0.21972402574266,0.634687500109929,0.496927185498131,-0.0872204649676923,0.643065598494837,0.806723128068205,0.487141268509835,0.51776301088006,0.752622706251292,0.466613268600651,0.63758231837205,0.679966046825849,0.687615043567729,0.278670633199959,0.41291036556888,0.627181027024482,0.645585265279607,1,0.787654148315061,0.763056786677619,0.356098993589081,0.451563483493021,0.491286111500546,0.540751450360969,-5,-225,-3,-280,-164,-2,-4,-360,-6,-4,-1,-3,-11,274,-3,-5,-6,-134,-298,-3,-2,0,2,-2,360,107,-3,-3
"801760.SI",0.285937847392648,-0.0522014527326721,0.415808020909529,0.730669273640692,0.17854991183762,0.649560343293441,0.660721149518522,0.176294518088582,0.307220309544811,0.618075753108614,0.66813847766207,0.52675001062132,0.648696625240439,0.336330588064212,0.412320164851315,0.615015803452884,0.484015838444678,0.156672882328855,0.591700125183965,0.501838838642198,0.408582809511002,0.787654148315061,1,0.645353636431499,0.356879082624511,0.508489954792042,0.506288631134209,0.297932610910403,-55,-227,-4,-290,-171,-5,-12,360,-10,-7,-2,-2,-336,273,-6,-13,-11,-136,-353,-8,-56,-2,0,-4,110,-290,-101,-157
"801770.SI",0.675540243208287,0.353266779641048,0.791260840100145,0.458632644847119,0.279294432523815,0.554192207339643,0.513406621810965,0.0154127496358584,0.593025850310109,0.73422071796229,0.492812773015455,0.557286229181635,0.583715130242017,0.433303753717633,0.654358697549778,0.486394340383274,0.591199699385933,0.28446539246402,0.308120924400838,0.7974624155145,0.440838026080541,0.763056786677619,0.645353636431499,1,0.371324096870832,0.457861274807032,0.395811652264243,0.516625252961433,-2,-245,0,-271,-176,0,-1,-360,-3,-1,1,-2,-4,283,-2,-3,-4,-134,-290,-2,0,2,4,0,360,332,-2,-1
"801780.SI",0.11307610408524,0.20211060390211,0.259446994454507,0.288942393322452,0.254746608049598,0.316414890974079,0.371013229454375,0.369176566854176,0.194158977999413,0.254447806945004,0.378415518011547,0.246453298651687,0.277466324735779,0.296585686914982,0.208682891401208,0.126843309562703,0.267653173745162,0.15616918443312,0.317901734827527,0.32653579746962,0.388800930649352,0.356098993589081,0.356879082624511,0.371324096870832,1,0.215559404688231,0.338580811499636,0.271591033023569,-351,360,-342,360,360,-346,-241,360,360,-349,-112,-357,-360,92,-360,-354,-360,-349,215,-355,-342,-360,-110,-360,0,-196,-330,-360
"801790.SI",0.48960324335968,-0.0140222750040528,0.497811653478345,0.460222245728782,0.0512744932366059,0.402676293055078,0.463814899899009,0.104398725786062,0.476496965661628,0.496766405995677,0.271309580207793,0.426704722512735,0.609271549917468,0.319007337838362,0.339867042646645,0.388677323110122,0.420350391048174,0.236143689193265,0.453706104838259,0.397579689673157,0.385645955590754,0.451563483493021,0.508489954792042,0.457861274807032,0.215559404688231,1,0.317007943814914,0.297518626874346,-325,-360,-320,-97,-360,-329,261,-344,-329,-215,344,-114,-129,-209,-334,-246,-237,-337,-82,-337,-114,-107,290,-332,196,0,-325,-360
"801880.SI",0.351081957136278,0.304512460036132,0.279827544793054,0.58145395076964,0.45713241363869,0.782626231383773,0.686684492219873,0.25999210316496,0.501821611979588,0.630819936040304,0.576061240227455,0.333538878420231,0.444472230043061,0.379543517319747,0.577715271824826,0.628391998749603,0.706606309132043,0.492017037825912,0.446086478980406,0.653377719665408,0.577218733882573,0.491286111500546,0.506288631134209,0.395811652264243,0.338580811499636,0.317007943814914,1,0.61643070304812,-2,-360,0,-204,-126,0,0,-360,-2,-1,3,227,-232,253,-2,0,-3,-5,-283,0,-2,3,101,2,330,325,0,-164
"801890.SI",0.583723728064049,0.54592869448586,0.309170269417569,0.391832917046873,0.499739161776101,0.579175221856269,0.433920520091462,0.402632215716733,0.675456414069235,0.622848867132158,0.485852084994802,0.145084243921509,0.422495157087537,0.471892947927452,0.728471005171477,0.354325580120874,0.734157683162705,0.811191946506575,0.313835833974286,0.739947261180629,0.758281024385241,0.540751450360969,0.297932610910403,0.516625252961433,0.271591033023569,0.297518626874346,0.61643070304812,1,0,-162,-2,-60,-131,2,1,-254,-3,-2,151,-2,-3,360,1,-1,-4,-4,3,2,0,3,157,1,360,360,164,0
